1827
1839
1882
1888
1892
1897
2012
2049
2131
2143
2155
2173
2174
2333
2433
2537
2548
2555
2646
2669
2678
2843
2901
2905
3612
3622
3624
3634
3637
3638
3639
3644
3650
3656
3658
3665
3669
3674
3675
3678
3680
3686
3687
3688
3689
3690
3694
3695
3696
3697
3698
3700
3701
3702
3707
3715
3717
3718
3719
3720
3721
3722
3723
3727
3729
3749
3770
3855
3883
3923
3991
4045
4067
4089
4092
4115
4123
4140
4160
4198
4433
4442
4507
4520
4532
4535
4550
4560
4574
4589
4601
4620
4628
4635
4649
4651
4656
4673
4674
4676
4682
4696
4709
4718
4730
4739
4761
4763
4776
4783
4795
4799
4804
4806
4807
4814
4829
4835
4837
4838
4839
4840
4842
4857
4859
4865
4868
4869
5089
5099
5125
5199
5225
5226
5231
5232
5252
5256
5257
5258
5259
5265
5266
5272
5273
5289
5304
5312
5317
5323
5326
5328
